{
    "V": [
        1,
        2,
        3,
        4,
        0,
        5,
        6,
        7,
        8,
        9,
        10,
        11,
        12,
        13,
        14,
        15
    ],
    "p": {
        "(0, 0)": 0,
        "(0, 1)": 2337.333,
        "(0, 2)": 2152.95,
        "(0, 3)": 2314.15,
        "(0, 4)": 2230.873,
        "(0, 5)": 2330.493,
        "(0, 6)": 2076.919,
        "(0, 7)": 2228.7,
        "(0, 8)": 2168.007,
        "(0, 9)": 2226.75,
        "(0, 10)": 2229.829,
        "(0, 11)": 2268.533,
        "(0, 12)": 2366.0,
        "(0, 13)": 2307.758,
        "(0, 14)": 2231.5,
        "(0, 15)": 2224.417,
        "(1, 0)": 2337.333,
        "(1, 1)": 0,
        "(1, 2)": 267.975,
        "(1, 3)": 144.2,
        "(1, 4)": 286.6,
        "(1, 5)": 150.803,
        "(1, 6)": 381.233,
        "(1, 7)": 237.723,
        "(1, 8)": 311.619,
        "(1, 9)": 411.35,
        "(1, 10)": 149.274,
        "(1, 11)": 228.637,
        "(1, 12)": 338.1,
        "(1, 13)": 226.103,
        "(1, 14)": 245.3,
        "(1, 15)": 260.501,
        "(2, 0)": 2152.95,
        "(2, 1)": 267.975,
        "(2, 2)": 0,
        "(2, 3)": 342.262,
        "(2, 4)": 210.29,
        "(2, 5)": 318.152,
        "(2, 6)": 229.467,
        "(2, 7)": 117.263,
        "(2, 8)": 188.993,
        "(2, 9)": 149.684,
        "(2, 10)": 330.764,
        "(2, 11)": 253.595,
        "(2, 12)": 346.825,
        "(2, 13)": 339.335,
        "(2, 14)": 218.625,
        "(2, 15)": 268.044,
        "(3, 0)": 2314.15,
        "(3, 1)": 144.2,
        "(3, 2)": 342.262,
        "(3, 3)": 0,
        "(3, 4)": 345.113,
        "(3, 5)": 148.437,
        "(3, 6)": 420.822,
        "(3, 7)": 295.977,
        "(3, 8)": 368.021,
        "(3, 9)": 473.906,
        "(3, 10)": 171.636,
        "(3, 11)": 299.813,
        "(3, 12)": 396.35,
        "(3, 13)": 212.183,
        "(3, 14)": 303.55,
        "(3, 15)": 318.492,
        "(4, 0)": 2230.873,
        "(4, 1)": 286.6,
        "(4, 2)": 210.29,
        "(4, 3)": 345.113,
        "(4, 4)": 0,
        "(4, 5)": 357.386,
        "(4, 6)": 293.942,
        "(4, 7)": 171.668,
        "(4, 8)": 117.749,
        "(4, 9)": 360.665,
        "(4, 10)": 297.03,
        "(4, 11)": 215.189,
        "(4, 12)": 380.653,
        "(4, 13)": 404.734,
        "(4, 14)": 161.253,
        "(4, 15)": 147.353,
        "(5, 0)": 2330.493,
        "(5, 1)": 150.803,
        "(5, 2)": 318.152,
        "(5, 3)": 148.437,
        "(5, 4)": 357.386,
        "(5, 5)": 0,
        "(5, 6)": 423.278,
        "(5, 7)": 297.591,
        "(5, 8)": 369.481,
        "(5, 9)": 452.828,
        "(5, 10)": 175.725,
        "(5, 11)": 300.321,
        "(5, 12)": 397.967,
        "(5, 13)": 185.919,
        "(5, 14)": 305.167,
        "(5, 15)": 319.173,
        "(6, 0)": 2076.919,
        "(6, 1)": 381.233,
        "(6, 2)": 229.467,
        "(6, 3)": 420.822,
        "(6, 4)": 293.942,
        "(6, 5)": 423.278,
        "(6, 6)": 0,
        "(6, 7)": 259.407,
        "(6, 8)": 220.117,
        "(6, 9)": 382.477,
        "(6, 10)": 346.392,
        "(6, 11)": 303.403,
        "(6, 12)": 468.681,
        "(6, 13)": 511.877,
        "(6, 14)": 302.219,
        "(6, 15)": 249.222,
        "(7, 0)": 2228.7,
        "(7, 1)": 237.723,
        "(7, 2)": 117.263,
        "(7, 3)": 295.977,
        "(7, 4)": 171.668,
        "(7, 5)": 297.591,
        "(7, 6)": 259.407,
        "(7, 7)": 0,
        "(7, 8)": 194.569,
        "(7, 9)": 248.473,
        "(7, 10)": 265.269,
        "(7, 11)": 197.391,
        "(7, 12)": 325.738,
        "(7, 13)": 384.894,
        "(7, 14)": 124.669,
        "(7, 15)": 235.551,
        "(8, 0)": 2168.007,
        "(8, 1)": 311.619,
        "(8, 2)": 188.993,
        "(8, 3)": 368.021,
        "(8, 4)": 117.749,
        "(8, 5)": 369.481,
        "(8, 6)": 220.117,
        "(8, 7)": 194.569,
        "(8, 8)": 0,
        "(8, 9)": 346.104,
        "(8, 10)": 319.932,
        "(8, 11)": 239.407,
        "(8, 12)": 425.7,
        "(8, 13)": 447.772,
        "(8, 14)": 206.3,
        "(8, 15)": 137.575,
        "(9, 0)": 2226.75,
        "(9, 1)": 411.35,
        "(9, 2)": 149.684,
        "(9, 3)": 473.906,
        "(9, 4)": 360.665,
        "(9, 5)": 452.828,
        "(9, 6)": 382.477,
        "(9, 7)": 248.473,
        "(9, 8)": 346.104,
        "(9, 9)": 0,
        "(9, 10)": 456.123,
        "(9, 11)": 372.039,
        "(9, 12)": 425.913,
        "(9, 13)": 418.404,
        "(9, 14)": 389.113,
        "(9, 15)": 405.167,
        "(10, 0)": 2229.829,
        "(10, 1)": 149.274,
        "(10, 2)": 330.764,
        "(10, 3)": 171.636,
        "(10, 4)": 297.03,
        "(10, 5)": 175.725,
        "(10, 6)": 346.392,
        "(10, 7)": 265.269,
        "(10, 8)": 319.932,
        "(10, 9)": 456.123,
        "(10, 10)": 0,
        "(10, 11)": 250.883,
        "(10, 12)": 358.543,
        "(10, 13)": 245.199,
        "(10, 14)": 265.743,
        "(10, 15)": 254.619,
        "(11, 0)": 2268.533,
        "(11, 1)": 228.637,
        "(11, 2)": 253.595,
        "(11, 3)": 299.813,
        "(11, 4)": 215.189,
        "(11, 5)": 300.321,
        "(11, 6)": 303.403,
        "(11, 7)": 197.391,
        "(11, 8)": 239.407,
        "(11, 9)": 372.039,
        "(11, 10)": 250.883,
        "(11, 11)": 0,
        "(11, 12)": 281.967,
        "(11, 13)": 334.552,
        "(11, 14)": 207.167,
        "(11, 15)": 150.789,
        "(12, 0)": 2366.0,
        "(12, 1)": 338.1,
        "(12, 2)": 346.825,
        "(12, 3)": 396.35,
        "(12, 4)": 380.653,
        "(12, 5)": 397.967,
        "(12, 6)": 468.681,
        "(12, 7)": 325.738,
        "(12, 8)": 425.7,
        "(12, 9)": 425.913,
        "(12, 10)": 358.543,
        "(12, 11)": 281.967,
        "(12, 12)": 0,
        "(12, 13)": 441.4,
        "(12, 14)": 321.5,
        "(12, 15)": 314.192,
        "(13, 0)": 2307.758,
        "(13, 1)": 226.103,
        "(13, 2)": 339.335,
        "(13, 3)": 212.183,
        "(13, 4)": 404.734,
        "(13, 5)": 185.919,
        "(13, 6)": 511.877,
        "(13, 7)": 384.894,
        "(13, 8)": 447.772,
        "(13, 9)": 418.404,
        "(13, 10)": 245.199,
        "(13, 11)": 334.552,
        "(13, 12)": 441.4,
        "(13, 13)": 0,
        "(13, 14)": 370.5,
        "(13, 15)": 383.483,
        "(14, 0)": 2231.5,
        "(14, 1)": 245.3,
        "(14, 2)": 218.625,
        "(14, 3)": 303.55,
        "(14, 4)": 161.253,
        "(14, 5)": 305.167,
        "(14, 6)": 302.219,
        "(14, 7)": 124.669,
        "(14, 8)": 206.3,
        "(14, 9)": 389.113,
        "(14, 10)": 265.743,
        "(14, 11)": 207.167,
        "(14, 12)": 321.5,
        "(14, 13)": 370.5,
        "(14, 14)": 0,
        "(14, 15)": 251.492,
        "(15, 0)": 2224.417,
        "(15, 1)": 260.501,
        "(15, 2)": 268.044,
        "(15, 3)": 318.492,
        "(15, 4)": 147.353,
        "(15, 5)": 319.173,
        "(15, 6)": 249.222,
        "(15, 7)": 235.551,
        "(15, 8)": 137.575,
        "(15, 9)": 405.167,
        "(15, 10)": 254.619,
        "(15, 11)": 150.789,
        "(15, 12)": 314.192,
        "(15, 13)": 383.483,
        "(15, 14)": 251.492,
        "(15, 15)": 0
    },
    "M": 34188.0,
    "A": {
        "0": 0,
        "1": 0,
        "2": 0,
        "3": 0,
        "4": 0,
        "5": 0,
        "6": 0,
        "7": 0,
        "8": 0,
        "9": 0,
        "10": 0,
        "11": 0,
        "12": 0,
        "13": 0,
        "14": 0,
        "15": 0
    },
    "B": {
        "0": 31821.0,
        "1": 31821.0,
        "2": 31821.0,
        "3": 31821.0,
        "4": 31821.0,
        "5": 31821.0,
        "6": 31822.0,
        "7": 31821.0,
        "8": 31821.0,
        "9": 31821.0,
        "10": 31821.0,
        "11": 31822.0,
        "12": 31821.0,
        "13": 31822.0,
        "14": 31821.0,
        "15": 31821.0
    }
}